4.5
2.9615384615384617
5.0
2.6923076923076925
5.038461538461538
4.1923076923076925
3.8461538461538463
4.6923076923076925
5.038461538461538
3.6538461538461537
4.038461538461538
3.6923076923076925
4.6923076923076925
3.0
3.9615384615384617
4.8076923076923075
3.8461538461538463
3.230769230769231
3.3076923076923075
2.9615384615384617
4.115384615384615
3.8846153846153846
3.269230769230769
3.076923076923077
4.615384615384615
3.576923076923077
2.3846153846153846
3.6923076923076925
2.3076923076923075
3.1538461538461537
3.6923076923076925
3.1153846153846154
3.269230769230769
2.423076923076923
3.230769230769231
3.3461538461538463
2.9615384615384617
2.5
2.076923076923077
2.8846153846153846
3.0
4.961538461538462
4.076923076923077
4.730769230769231
3.8076923076923075
4.5
3.9615384615384617
3.8846153846153846
4.038461538461538
5.1923076923076925
5.3076923076923075
4.730769230769231
3.423076923076923
3.6153846153846154
2.576923076923077
3.3846153846153846
3.076923076923077
2.3461538461538463
3.4615384615384617
3.923076923076923
3.730769230769231
3.8846153846153846
3.3076923076923075
4.538461538461538
3.1538461538461537
3.5384615384615383
2.5
2.9615384615384617
2.0
2.423076923076923
3.576923076923077
2.6923076923076925
3.0
4.076923076923077
2.1923076923076925
2.5384615384615383
2.576923076923077
2.923076923076923
2.576923076923077
3.730769230769231
2.3846153846153846
4.384615384615385
3.8076923076923075
4.6923076923076925
4.1923076923076925
3.423076923076923
4.461538461538462
3.423076923076923
3.8076923076923075
3.730769230769231
4.0
4.576923076923077
3.0384615384615383
3.6153846153846154
3.923076923076923
4.384615384615385
3.9615384615384617
4.423076923076923
2.8461538461538463
3.8461538461538463
3.0384615384615383
3.6538461538461537
2.3076923076923075
3.6923076923076925
3.4615384615384617
3.769230769230769
3.576923076923077
2.8076923076923075
2.6923076923076925
2.8461538461538463
3.5384615384615383
3.3846153846153846
2.576923076923077
2.6538461538461537
2.8076923076923075
2.576923076923077
4.615384615384615
3.5384615384615383
2.269230769230769
2.8076923076923075
3.8461538461538463
3.6923076923076925
4.423076923076923
4.0
3.8076923076923075
4.230769230769231
4.384615384615385
4.115384615384615
4.3076923076923075
4.0
4.5
4.038461538461538
3.0384615384615383
3.1538461538461537
3.1153846153846154
3.730769230769231
3.8846153846153846
4.653846153846154
3.6153846153846154
3.3461538461538463
3.9615384615384617
4.3076923076923075
3.1538461538461537
3.5384615384615383
3.769230769230769
2.8461538461538463
3.3846153846153846
3.5
3.1153846153846154
3.076923076923077
3.1538461538461537
2.1923076923076925
4.461538461538462
1.2692307692307692
2.1153846153846154
3.6923076923076925
3.730769230769231
2.6153846153846154
3.076923076923077
3.5384615384615383
3.8846153846153846
4.461538461538462
5.0
4.1923076923076925
4.3076923076923075
4.346153846153846
4.230769230769231
3.923076923076923
3.423076923076923
4.0
3.8461538461538463
4.5
4.5
3.8076923076923075
3.3846153846153846
4.461538461538462
4.615384615384615
2.923076923076923
4.038461538461538
3.1923076923076925
3.230769230769231
4.230769230769231
3.5384615384615383
4.076923076923077
4.576923076923077
3.8461538461538463
3.0
3.5
3.9615384615384617
4.153846153846154
3.5384615384615383
3.423076923076923
2.6153846153846154
3.0
2.5384615384615383
3.5384615384615383
1.5384615384615385
2.730769230769231
2.8461538461538463
3.423076923076923
3.6153846153846154
4.038461538461538
2.6923076923076925
5.038461538461538
4.153846153846154
3.9615384615384617
4.769230769230769
3.8846153846153846
3.3846153846153846
2.730769230769231
3.3461538461538463
4.384615384615385
4.076923076923077
3.769230769230769
3.6538461538461537
3.8461538461538463
3.5384615384615383
3.923076923076923
3.1153846153846154
3.6153846153846154
3.6923076923076925
2.9615384615384617
2.1538461538461537
3.1538461538461537
3.769230769230769
1.9615384615384615
2.1538461538461537
3.5384615384615383
3.3461538461538463
3.8846153846153846
2.269230769230769
2.5
3.923076923076923
3.6153846153846154
4.0
3.076923076923077
4.461538461538462
2.4615384615384617
3.0
2.5384615384615383
3.6153846153846154
3.8076923076923075
4.730769230769231
5.038461538461538
3.9615384615384617
3.769230769230769
5.115384615384615
3.730769230769231
3.576923076923077
3.6538461538461537
3.423076923076923
3.8076923076923075
3.3076923076923075
3.769230769230769
3.6538461538461537
4.0
3.769230769230769
2.923076923076923
4.1923076923076925
4.846153846153846
3.6153846153846154
3.423076923076923
2.9615384615384617
2.923076923076923
3.8846153846153846
3.9615384615384617
3.8461538461538463
3.8076923076923075
2.5
3.269230769230769
3.5
4.230769230769231
3.6923076923076925
2.3846153846153846
3.8846153846153846
1.9230769230769231
2.4615384615384617
3.5
3.0
3.0384615384615383
4.269230769230769
4.5
4.730769230769231
4.423076923076923
3.3076923076923075
3.3846153846153846
3.6153846153846154
4.3076923076923075
3.6153846153846154
4.461538461538462
3.9615384615384617
4.576923076923077
2.9615384615384617
3.423076923076923
3.1538461538461537
3.730769230769231
3.5384615384615383
3.9615384615384617
4.115384615384615
4.038461538461538
2.9615384615384617
3.730769230769231
2.6923076923076925
3.6538461538461537
3.576923076923077
3.076923076923077
2.5384615384615383
3.8461538461538463
3.8076923076923075
4.384615384615385
2.4615384615384617
3.769230769230769
3.9615384615384617
2.230769230769231
2.730769230769231
2.9615384615384617
3.269230769230769
2.6538461538461537
2.8461538461538463
2.5384615384615383
3.730769230769231
4.3076923076923075
4.423076923076923
4.8076923076923075
5.346153846153846
4.961538461538462
4.884615384615385
4.269230769230769
4.8076923076923075
3.6538461538461537
2.923076923076923
3.6538461538461537
4.153846153846154
4.884615384615385
2.9615384615384617
3.576923076923077
3.8461538461538463
3.3461538461538463
3.5
3.5384615384615383
3.8461538461538463
4.115384615384615
4.846153846153846
4.384615384615385
3.1538461538461537
3.6538461538461537
2.6538461538461537
2.6923076923076925
2.6153846153846154
3.3076923076923075
4.076923076923077
2.923076923076923
2.1923076923076925
2.6923076923076925
3.0384615384615383
2.0384615384615383
2.9615384615384617
2.6153846153846154
3.3846153846153846
2.3076923076923075
3.6538461538461537
4.576923076923077
3.576923076923077
4.3076923076923075
5.115384615384615
4.423076923076923
4.961538461538462
4.230769230769231
3.269230769230769
4.038461538461538
4.038461538461538
4.846153846153846
4.153846153846154
4.269230769230769
4.384615384615385
3.4615384615384617
2.5
3.769230769230769
2.8846153846153846
2.8076923076923075
3.3076923076923075
3.1538461538461537
3.0
3.5384615384615383
3.6538461538461537
2.3846153846153846
3.6153846153846154
3.923076923076923
4.269230769230769
2.423076923076923
3.3461538461538463
3.1923076923076925
2.923076923076923
2.3846153846153846
3.3461538461538463
3.1153846153846154
2.5384615384615383
2.8461538461538463
2.5
2.5384615384615383
3.3846153846153846
4.6923076923076925
4.230769230769231
4.576923076923077
3.576923076923077
4.923076923076923
4.769230769230769
4.153846153846154
4.0
4.423076923076923
5.346153846153846
4.538461538461538
4.615384615384615
4.538461538461538
3.923076923076923
4.423076923076923
3.230769230769231
3.5
2.5384615384615383
3.5
2.6153846153846154
3.769230769230769
2.3076923076923075
3.730769230769231
3.8076923076923075
3.076923076923077
3.6538461538461537
2.9615384615384617
2.6153846153846154
3.3076923076923075
3.269230769230769
3.1153846153846154
2.5
2.076923076923077
1.9230769230769231
3.1538461538461537
2.1923076923076925
3.076923076923077
2.3461538461538463
2.6538461538461537
2.3461538461538463
4.1923076923076925
4.461538461538462
4.346153846153846
5.538461538461538
4.884615384615385
4.538461538461538
4.653846153846154
4.384615384615385
4.0
5.230769230769231
3.6538461538461537
4.115384615384615
4.538461538461538
2.923076923076923
3.923076923076923
3.4615384615384617
3.5384615384615383
3.076923076923077
4.961538461538462
3.3461538461538463
3.4615384615384617
3.4615384615384617
3.3076923076923075
3.8076923076923075
3.5
2.0
2.3461538461538463
3.8076923076923075
3.3076923076923075
3.3461538461538463
3.269230769230769
3.9615384615384617
4.615384615384615
1.8461538461538463
3.076923076923077
3.730769230769231
3.423076923076923
2.1153846153846154
2.1538461538461537
3.3846153846153846
4.230769230769231
3.269230769230769
4.576923076923077
4.346153846153846
3.6923076923076925
5.615384615384615
4.153846153846154
4.0
4.230769230769231
5.384615384615385
4.846153846153846
4.538461538461538
3.730769230769231
3.4615384615384617
3.423076923076923
2.730769230769231
4.3076923076923075
4.153846153846154
3.9615384615384617
2.923076923076923
3.730769230769231
3.8461538461538463
3.9615384615384617
3.0384615384615383
4.5
3.769230769230769
3.076923076923077
2.576923076923077
4.230769230769231
3.0
3.6153846153846154
2.6923076923076925
2.8076923076923075
3.5384615384615383
2.0
4.076923076923077
2.3461538461538463
3.5384615384615383
3.1538461538461537
3.3461538461538463
4.653846153846154
5.538461538461538
4.461538461538462
6.076923076923077
4.5
3.3076923076923075
4.1923076923076925
3.9615384615384617
4.846153846153846
4.961538461538462
5.3076923076923075
3.076923076923077
3.923076923076923
4.269230769230769
3.6538461538461537
4.076923076923077
4.1923076923076925
3.3076923076923075
4.884615384615385
4.5
3.576923076923077
2.4615384615384617
2.6923076923076925
3.3076923076923075
3.8461538461538463
3.6153846153846154
3.1153846153846154
2.5384615384615383
1.3076923076923077
3.6153846153846154
3.6153846153846154
2.8461538461538463
2.3461538461538463
3.1153846153846154
4.576923076923077
4.615384615384615
2.769230769230769
2.8846153846153846
2.5
4.115384615384615
3.6153846153846154
5.461538461538462
3.576923076923077
4.269230769230769
4.0
4.038461538461538
4.538461538461538
3.4615384615384617
5.230769230769231
4.038461538461538
4.423076923076923
4.615384615384615
4.153846153846154
3.1153846153846154
5.5
5.115384615384615
3.6923076923076925
3.3461538461538463
4.038461538461538
4.615384615384615
4.038461538461538
2.6538461538461537
3.5384615384615383
3.6153846153846154
3.576923076923077
3.5384615384615383
1.7692307692307692
3.076923076923077
3.923076923076923
2.8846153846153846
2.5
2.9615384615384617
3.8076923076923075
1.8846153846153846
1.8461538461538463
3.0
3.0
3.230769230769231
4.3076923076923075
3.4615384615384617
3.769230769230769
4.153846153846154
4.230769230769231
3.576923076923077
5.346153846153846
3.576923076923077
5.576923076923077
4.038461538461538
4.961538461538462
4.5
4.269230769230769
3.1923076923076925
4.653846153846154
3.076923076923077
4.8076923076923075
3.5384615384615383
4.115384615384615
3.0
4.076923076923077
3.1538461538461537
3.769230769230769
3.923076923076923
4.384615384615385
3.5
3.8461538461538463
3.3461538461538463
2.3846153846153846
2.3076923076923075
2.8846153846153846
3.5384615384615383
1.6923076923076923
3.6153846153846154
3.6153846153846154
3.3846153846153846
3.1923076923076925
3.1923076923076925
3.1923076923076925
2.730769230769231
2.6538461538461537
3.4615384615384617
3.3076923076923075
3.5
4.115384615384615
5.538461538461538
4.038461538461538
4.6923076923076925
4.653846153846154
3.730769230769231
4.269230769230769
3.1923076923076925
4.653846153846154
4.884615384615385
4.0
3.6153846153846154
4.115384615384615
3.230769230769231
3.923076923076923
3.269230769230769
4.076923076923077
2.269230769230769
4.153846153846154
3.6538461538461537
3.269230769230769
2.8846153846153846
3.923076923076923
3.5
2.0
2.0384615384615383
2.230769230769231
3.6923076923076925
2.923076923076923
3.3461538461538463
3.3076923076923075
2.5
2.8076923076923075
2.269230769230769
1.4230769230769231
2.730769230769231
2.230769230769231
3.6153846153846154
3.923076923076923
4.115384615384615
3.0384615384615383
3.6923076923076925
4.884615384615385
4.3076923076923075
4.730769230769231
5.076923076923077
4.461538461538462
4.769230769230769
5.1923076923076925
2.923076923076923
4.653846153846154
3.423076923076923
3.3461538461538463
4.538461538461538
4.153846153846154
3.3461538461538463
3.076923076923077
3.0384615384615383
3.1923076923076925
5.0
3.0384615384615383
3.1923076923076925
3.230769230769231
4.615384615384615
2.730769230769231
3.5
3.576923076923077
3.8461538461538463
2.9615384615384617
3.4615384615384617
4.153846153846154
2.3461538461538463
2.1538461538461537
3.769230769230769
3.1153846153846154
4.076923076923077
2.9615384615384617
2.923076923076923
3.4615384615384617
3.423076923076923
4.1923076923076925
4.923076923076923
4.846153846153846
2.3461538461538463
4.384615384615385
3.0
4.269230769230769
2.923076923076923
4.615384615384615
4.384615384615385
5.038461538461538
4.538461538461538
3.769230769230769
3.423076923076923
3.5384615384615383
4.076923076923077
3.5
4.230769230769231
3.3461538461538463
2.730769230769231
3.1153846153846154
2.730769230769231
3.4615384615384617
2.9615384615384617
2.5
3.1153846153846154
4.115384615384615
3.0
2.423076923076923
3.230769230769231
2.423076923076923
3.730769230769231
3.3846153846153846
2.3461538461538463
2.1923076923076925
1.6923076923076923
3.0
4.230769230769231
3.5
3.076923076923077
4.038461538461538
4.3076923076923075
4.269230769230769
3.423076923076923
4.5
4.461538461538462
2.5
3.6153846153846154
3.730769230769231
3.730769230769231
4.576923076923077
4.576923076923077
4.5
5.076923076923077
3.3461538461538463
4.038461538461538
4.076923076923077
4.076923076923077
3.3076923076923075
4.884615384615385
1.9615384615384615
3.1153846153846154
2.923076923076923
3.3461538461538463
3.1153846153846154
2.269230769230769
3.8461538461538463
3.1153846153846154
3.269230769230769
2.8461538461538463
3.230769230769231
2.5
4.115384615384615
3.3846153846153846
3.6153846153846154
3.3076923076923075
2.5
3.3461538461538463
2.6538461538461537
4.3076923076923075
3.3461538461538463
4.615384615384615
2.6538461538461537
3.3461538461538463
5.0
3.269230769230769
3.5
5.269230769230769
3.0384615384615383
4.576923076923077
4.038461538461538
4.615384615384615
4.230769230769231
3.6153846153846154
3.1923076923076925
3.1153846153846154
2.8461538461538463
3.076923076923077
3.8076923076923075
2.9615384615384617
2.730769230769231
2.8461538461538463
2.730769230769231
3.730769230769231
3.5
2.3076923076923075
1.6923076923076923
3.5384615384615383
3.923076923076923
2.5
3.730769230769231
2.769230769230769
3.1538461538461537
3.8846153846153846
2.923076923076923
2.8461538461538463
3.1153846153846154
2.8461538461538463
4.153846153846154
2.8461538461538463
3.6538461538461537
5.153846153846154
4.423076923076923
3.923076923076923
4.1923076923076925
3.9615384615384617
4.8076923076923075
4.461538461538462
4.269230769230769
5.230769230769231
4.653846153846154
4.153846153846154
4.346153846153846
3.6153846153846154
3.6153846153846154
4.423076923076923
3.8461538461538463
3.8846153846153846
3.3076923076923075
3.423076923076923
2.769230769230769
3.4615384615384617
2.5
3.923076923076923
2.730769230769231
4.3076923076923075
2.6153846153846154
3.423076923076923
3.730769230769231
3.1923076923076925
3.3076923076923075
3.1923076923076925
2.3846153846153846
3.8461538461538463
3.0384615384615383
2.230769230769231
1.8846153846153846
2.5384615384615383
3.1153846153846154
2.269230769230769
4.115384615384615
4.0
4.884615384615385
3.3461538461538463
3.9615384615384617
3.923076923076923
4.6923076923076925
4.423076923076923
4.076923076923077
5.3076923076923075
4.346153846153846
3.423076923076923
3.4615384615384617
3.6538461538461537
3.923076923076923
3.0
4.153846153846154
3.5384615384615383
3.6923076923076925
2.5384615384615383
4.1923076923076925
3.5384615384615383
3.3076923076923075
4.423076923076923
2.3846153846153846
3.730769230769231
4.884615384615385
3.6923076923076925
3.5384615384615383
3.3846153846153846
2.8846153846153846
2.6923076923076925
1.8461538461538463
2.1923076923076925
2.5
2.923076923076923
3.0384615384615383
3.0
2.1153846153846154
2.8461538461538463
4.346153846153846
3.1538461538461537
2.5
4.576923076923077
3.3461538461538463
4.230769230769231
4.153846153846154
3.6923076923076925
4.346153846153846
3.576923076923077
3.923076923076923
3.3846153846153846
2.4615384615384617
4.3076923076923075
4.115384615384615
3.9615384615384617
3.1923076923076925
3.230769230769231
3.1923076923076925
4.8076923076923075
3.8076923076923075
3.923076923076923
3.1538461538461537
2.3076923076923075
2.1538461538461537
3.1923076923076925
3.0384615384615383
3.3076923076923075
3.3076923076923075
3.3461538461538463
2.423076923076923
3.076923076923077
3.3846153846153846
2.3846153846153846
1.6923076923076923
2.8846153846153846
3.3846153846153846
2.269230769230769
2.5
2.6923076923076925
3.0
3.576923076923077
4.423076923076923
4.346153846153846
3.6923076923076925
3.1538461538461537
3.6153846153846154
4.384615384615385
4.038461538461538
3.8846153846153846
2.923076923076923
4.3076923076923075
3.8461538461538463
4.115384615384615
3.576923076923077
4.038461538461538
5.384615384615385
3.8846153846153846
3.0384615384615383
2.269230769230769
3.3461538461538463
3.1153846153846154
3.769230769230769
3.6923076923076925
3.423076923076923
2.8076923076923075
3.5
3.4615384615384617
3.8461538461538463
2.769230769230769
1.9615384615384615
4.230769230769231
2.1153846153846154
3.076923076923077
2.423076923076923
3.6538461538461537
2.730769230769231
2.1153846153846154
2.269230769230769
2.730769230769231
4.3076923076923075
3.230769230769231
3.6153846153846154
3.230769230769231
4.230769230769231
3.5384615384615383
2.730769230769231
4.884615384615385
3.3461538461538463
4.1923076923076925
3.769230769230769
3.5384615384615383
3.6153846153846154
5.961538461538462
3.8461538461538463
3.8076923076923075
4.115384615384615
3.6538461538461537
3.3846153846153846
4.0
3.1538461538461537
2.730769230769231
3.3076923076923075
3.9615384615384617
3.5384615384615383
2.3461538461538463
2.6153846153846154
2.8076923076923075
3.9615384615384617
3.576923076923077
3.8076923076923075
2.730769230769231
3.5
3.4615384615384617
3.0384615384615383
2.076923076923077
2.1153846153846154
2.1538461538461537
2.4615384615384617
2.6153846153846154
2.269230769230769
3.3846153846153846
3.8461538461538463
2.9615384615384617
4.384615384615385
3.6923076923076925
3.6923076923076925
5.115384615384615
3.0384615384615383
4.153846153846154
3.769230769230769
3.769230769230769
3.923076923076923
4.115384615384615
3.8846153846153846
3.1153846153846154
3.923076923076923
3.076923076923077
2.8461538461538463
4.384615384615385
2.5384615384615383
3.1538461538461537
3.3846153846153846
2.9615384615384617
2.576923076923077
3.730769230769231
2.1923076923076925
3.4615384615384617
3.269230769230769
2.6538461538461537
3.0384615384615383
2.3461538461538463
4.076923076923077
3.576923076923077
2.8461538461538463
1.8076923076923077
3.1538461538461537
2.3461538461538463
2.576923076923077
2.230769230769231
3.6538461538461537
1.7692307692307692
2.423076923076923
3.576923076923077
3.8846153846153846
3.6538461538461537
4.269230769230769
3.3076923076923075
4.923076923076923
4.346153846153846
4.461538461538462
3.6923076923076925
2.5384615384615383
3.3076923076923075
2.6923076923076925
4.576923076923077
3.769230769230769
2.6538461538461537
2.8076923076923075
3.269230769230769
2.9615384615384617
2.8846153846153846
3.0384615384615383
3.6538461538461537
3.230769230769231
3.6538461538461537
2.730769230769231
3.3076923076923075
3.3076923076923075
2.3846153846153846
2.4615384615384617
2.8461538461538463
4.153846153846154
3.1153846153846154
2.769230769230769
3.4615384615384617
2.5
2.3076923076923075
2.076923076923077
2.6538461538461537
2.8461538461538463
3.1153846153846154
2.730769230769231
2.6538461538461537
3.1923076923076925
3.269230769230769
3.423076923076923
3.1153846153846154
3.6538461538461537
3.6153846153846154
4.038461538461538
4.038461538461538
4.230769230769231
4.0
3.8461538461538463
3.6923076923076925
3.730769230769231
4.153846153846154
3.769230769230769
4.846153846153846
2.0384615384615383
2.0
3.3076923076923075
3.6923076923076925
3.423076923076923
3.1538461538461537
4.269230769230769
2.076923076923077
3.8076923076923075
2.923076923076923
3.9615384615384617
2.6923076923076925
1.8846153846153846
2.5
3.0
3.0384615384615383
3.0
2.1153846153846154
2.3076923076923075
2.6153846153846154
2.5384615384615383
2.3846153846153846
2.8076923076923075
4.269230769230769
3.4615384615384617
3.6153846153846154
3.576923076923077
4.384615384615385
4.038461538461538
3.769230769230769
2.9615384615384617
3.230769230769231
3.3846153846153846
2.9615384615384617
3.3846153846153846
3.6153846153846154
2.8461538461538463
4.769230769230769
3.3846153846153846
3.769230769230769
3.423076923076923
3.1923076923076925
3.6923076923076925
3.1153846153846154
3.6153846153846154
3.5
3.8461538461538463
3.6153846153846154
3.730769230769231
1.6538461538461537
3.1153846153846154
3.1923076923076925
3.4615384615384617
2.423076923076923
2.5
2.5
2.8461538461538463
2.1153846153846154
2.269230769230769
2.3076923076923075
2.5384615384615383
2.730769230769231
2.730769230769231
3.3846153846153846
3.3461538461538463
4.076923076923077
3.8461538461538463
3.3846153846153846
3.269230769230769
3.5384615384615383
4.538461538461538
3.1153846153846154
4.076923076923077
4.576923076923077
3.230769230769231
4.269230769230769
3.1923076923076925
4.1923076923076925
4.230769230769231
3.1923076923076925
3.230769230769231
5.038461538461538
2.730769230769231
2.8461538461538463
2.730769230769231
3.576923076923077
3.5384615384615383
3.269230769230769
2.769230769230769
2.5
3.769230769230769
3.730769230769231
1.5384615384615385
3.076923076923077
2.1923076923076925
2.1538461538461537
3.269230769230769
2.1153846153846154
2.5384615384615383
2.6538461538461537
2.8076923076923075
3.0384615384615383
4.0
4.0
2.923076923076923
3.923076923076923
4.1923076923076925
3.423076923076923
3.423076923076923
3.8461538461538463
4.615384615384615
4.153846153846154
3.5384615384615383
2.8461538461538463
3.8076923076923075
2.9615384615384617
3.1538461538461537
3.6923076923076925
3.769230769230769
2.423076923076923
3.0384615384615383
3.6923076923076925
2.3076923076923075
2.5384615384615383
2.8461538461538463
3.6538461538461537
2.1923076923076925
3.0
2.576923076923077
3.0384615384615383
3.3846153846153846
2.730769230769231
3.1538461538461537
3.3846153846153846
3.423076923076923
3.0384615384615383
2.8846153846153846
2.1923076923076925
2.269230769230769
2.6923076923076925
2.8461538461538463
3.230769230769231
2.8846153846153846
2.8461538461538463
3.1923076923076925
3.5384615384615383
2.8846153846153846
4.423076923076923
3.6153846153846154
2.8461538461538463
2.730769230769231
3.3076923076923075
3.6538461538461537
3.8461538461538463
3.4615384615384617
3.423076923076923
4.769230769230769
3.8461538461538463
3.423076923076923
2.6153846153846154
3.8846153846153846
2.423076923076923
3.4615384615384617
3.5
3.576923076923077
2.6923076923076925
3.8461538461538463
2.1538461538461537
1.8076923076923077
3.3076923076923075
2.269230769230769
2.3846153846153846
3.3076923076923075
3.1538461538461537
3.230769230769231
2.730769230769231
2.3076923076923075
2.1923076923076925
2.6538461538461537
2.1923076923076925
3.076923076923077
3.1923076923076925
2.576923076923077
2.8846153846153846
3.4615384615384617
3.3076923076923075
3.4615384615384617
2.8846153846153846
4.5
3.3461538461538463
3.8461538461538463
3.923076923076923
3.6923076923076925
4.115384615384615
3.1153846153846154
3.5384615384615383
3.3461538461538463
4.038461538461538
2.9615384615384617
2.9615384615384617
3.269230769230769
3.1153846153846154
4.653846153846154
3.269230769230769
3.6538461538461537
2.923076923076923
2.5
4.115384615384615
3.923076923076923
3.6538461538461537
3.230769230769231
3.5
2.6923076923076925
2.1153846153846154
2.6923076923076925
2.4615384615384617
2.0
2.076923076923077
2.576923076923077
2.5384615384615383
2.923076923076923
3.1153846153846154
3.5
4.115384615384615
3.6153846153846154
2.8846153846153846
3.5
4.1923076923076925
3.576923076923077
3.1153846153846154
3.8461538461538463
3.769230769230769
3.1923076923076925
4.346153846153846
3.269230769230769
3.423076923076923
2.6923076923076925
2.9615384615384617
4.230769230769231
3.3076923076923075
3.1153846153846154
2.576923076923077
3.269230769230769
3.3461538461538463
2.6153846153846154
3.5384615384615383
2.6153846153846154
2.923076923076923
2.9615384615384617
2.423076923076923
3.3461538461538463
2.9615384615384617
2.923076923076923
3.6153846153846154
1.5769230769230769
1.7307692307692308
2.1538461538461537
2.3076923076923075
2.269230769230769
2.3461538461538463
2.5
2.4615384615384617
3.4615384615384617
3.076923076923077
3.1923076923076925
3.6923076923076925
3.8461538461538463
3.230769230769231
3.923076923076923
3.769230769230769
3.769230769230769
2.576923076923077
3.4615384615384617
3.1538461538461537
3.5
3.730769230769231
3.5384615384615383
3.9615384615384617
3.230769230769231
1.9615384615384615
4.115384615384615
3.0384615384615383
3.1923076923076925
3.6923076923076925
2.6923076923076925
3.576923076923077
2.8846153846153846
4.038461538461538
1.3076923076923077
2.9615384615384617
2.769230769230769
1.9230769230769231
2.6538461538461537
2.6923076923076925
3.4615384615384617
1.4615384615384615
2.6538461538461537
2.269230769230769
2.423076923076923
2.5
2.3846153846153846
2.5
2.6923076923076925
3.3076923076923075
3.3461538461538463
3.8461538461538463
3.5384615384615383
3.5384615384615383
3.1538461538461537
4.076923076923077
2.6153846153846154
5.0
3.730769230769231
3.076923076923077
3.230769230769231
3.6153846153846154
3.8846153846153846
3.0
2.4615384615384617
2.8846153846153846
3.9615384615384617
3.4615384615384617
3.1538461538461537
4.423076923076923
4.346153846153846
3.1153846153846154
2.1538461538461537
3.6153846153846154
3.3076923076923075
3.1923076923076925
3.0384615384615383
3.230769230769231
2.230769230769231
1.9615384615384615
3.3461538461538463
3.230769230769231
3.230769230769231
2.1538461538461537
2.1923076923076925
2.8076923076923075
3.0384615384615383
2.8846153846153846
2.230769230769231
3.230769230769231
3.3846153846153846
2.8076923076923075
3.230769230769231
4.230769230769231
3.6538461538461537
3.3846153846153846
2.5
3.5384615384615383
4.615384615384615
3.923076923076923
2.5
3.0
4.038461538461538
3.5
3.6153846153846154
2.923076923076923
2.269230769230769
2.9615384615384617
4.0
3.423076923076923
1.8461538461538463
3.730769230769231
2.8076923076923075
3.8076923076923075
3.4615384615384617
4.230769230769231
3.230769230769231
3.1153846153846154
2.730769230769231
3.6923076923076925
2.6153846153846154
3.0
3.6538461538461537
2.1923076923076925
2.230769230769231
2.269230769230769
2.5
2.8461538461538463
3.6538461538461537
2.730769230769231
3.423076923076923
3.076923076923077
3.269230769230769
2.8846153846153846
3.8461538461538463
3.230769230769231
3.3076923076923075
4.0
4.153846153846154
2.769230769230769
4.0
4.0
2.6923076923076925
3.730769230769231
3.769230769230769
3.6538461538461537
2.6153846153846154
3.3846153846153846
3.576923076923077
2.730769230769231
2.8846153846153846
3.3461538461538463
3.423076923076923
2.769230769230769
2.9615384615384617
3.1153846153846154
3.8461538461538463
2.6538461538461537
2.8461538461538463
3.1538461538461537
3.1153846153846154
4.0
2.769230769230769
2.230769230769231
2.269230769230769
2.4615384615384617
2.6923076923076925
2.3846153846153846
2.6923076923076925
3.423076923076923
3.5
3.576923076923077
3.230769230769231
3.1923076923076925
3.6923076923076925
3.076923076923077
3.3846153846153846
3.6538461538461537
2.1923076923076925
3.423076923076923
3.3076923076923075
3.923076923076923
3.8846153846153846
3.5
3.3076923076923075
2.8076923076923075
2.923076923076923
3.6153846153846154
3.769230769230769
2.8076923076923075
3.3461538461538463
4.230769230769231
3.423076923076923
3.730769230769231
3.730769230769231
3.1923076923076925
2.230769230769231
3.4615384615384617
2.423076923076923
2.1153846153846154
4.0
2.6538461538461537
2.269230769230769
2.1153846153846154
2.4615384615384617
2.5384615384615383
2.6923076923076925
2.269230769230769
2.6153846153846154
3.3076923076923075
3.423076923076923
3.423076923076923
3.8461538461538463
3.3076923076923075
4.538461538461538
3.269230769230769
3.3461538461538463
3.6153846153846154
2.9615384615384617
3.730769230769231
4.038461538461538
3.3076923076923075
3.269230769230769
3.230769230769231
3.230769230769231
2.3461538461538463
3.9615384615384617
3.923076923076923
2.923076923076923
2.5384615384615383
2.8461538461538463
3.6153846153846154
3.5
3.3461538461538463
2.9615384615384617
3.076923076923077
3.1923076923076925
4.1923076923076925
2.576923076923077
2.1538461538461537
3.0
2.8461538461538463
2.8076923076923075
2.1538461538461537
2.769230769230769
2.5384615384615383
2.4615384615384617
2.8461538461538463
2.576923076923077
3.076923076923077
2.9615384615384617
2.5
3.1923076923076925
3.5
2.9615384615384617
3.5
2.769230769230769
2.4615384615384617
3.769230769230769
3.6923076923076925
3.8846153846153846
3.1923076923076925
3.5384615384615383
2.5384615384615383
3.423076923076923
3.423076923076923
3.8461538461538463
3.269230769230769
3.076923076923077
3.923076923076923
2.269230769230769
3.1538461538461537
3.576923076923077
2.730769230769231
2.5
3.423076923076923
2.576923076923077
2.8846153846153846
4.0
3.5384615384615383
3.076923076923077
2.5
2.8461538461538463
2.1538461538461537
2.5
2.6538461538461537
2.730769230769231
2.6923076923076925
3.076923076923077
3.1538461538461537
3.769230769230769
3.576923076923077
2.8461538461538463
3.8076923076923075
3.076923076923077
3.769230769230769
3.8076923076923075
3.076923076923077
3.5
2.423076923076923
3.1923076923076925
3.5
2.8076923076923075
3.576923076923077
1.8076923076923077
3.923076923076923
3.3461538461538463
2.8076923076923075
3.1923076923076925
3.3846153846153846
3.076923076923077
2.576923076923077
3.3461538461538463
2.3461538461538463
3.730769230769231
3.6153846153846154
2.576923076923077
3.269230769230769
2.1538461538461537
2.423076923076923
2.6538461538461537
3.423076923076923
3.076923076923077
2.076923076923077
2.3076923076923075
2.269230769230769
2.769230769230769
2.576923076923077
2.9615384615384617
2.6923076923076925
3.0
2.8846153846153846
2.8461538461538463
3.6153846153846154
2.923076923076923
4.730769230769231
2.8076923076923075
3.3076923076923075
4.0
2.4615384615384617
3.269230769230769
3.6153846153846154
3.0384615384615383
2.8846153846153846
3.769230769230769
4.115384615384615
2.3846153846153846
3.076923076923077
2.769230769230769
3.769230769230769
2.923076923076923
3.230769230769231
3.1538461538461537
3.269230769230769
3.5
1.6923076923076923
3.0384615384615383
2.8076923076923075
2.269230769230769
2.3076923076923075
2.8461538461538463
3.1153846153846154
2.6153846153846154
2.230769230769231
2.423076923076923
2.3076923076923075
2.769230769230769
3.423076923076923
3.1153846153846154
2.5384615384615383
2.8076923076923075
3.230769230769231
3.1923076923076925
3.0
3.423076923076923
3.5384615384615383
3.6538461538461537
3.5
2.8846153846153846
3.6923076923076925
2.9615384615384617
3.8461538461538463
3.5
3.730769230769231
3.076923076923077
2.923076923076923
3.6923076923076925
4.5
2.0
3.923076923076923
2.730769230769231
3.269230769230769
4.115384615384615
3.0
3.8076923076923075
3.3846153846153846
3.6923076923076925
4.038461538461538
1.7692307692307692
3.3461538461538463
3.1923076923076925
2.3076923076923075
2.5
2.1153846153846154
2.3846153846153846
2.3461538461538463
2.3076923076923075
3.1923076923076925
2.6153846153846154
3.0384615384615383
3.0384615384615383
2.8461538461538463
2.230769230769231
2.5
3.5
3.1923076923076925
3.5
3.8076923076923075
3.769230769230769
3.1153846153846154
3.423076923076923
3.8846153846153846
3.3461538461538463
3.230769230769231
2.423076923076923
2.5
3.6153846153846154
2.6923076923076925
3.3076923076923075
3.8846153846153846
3.576923076923077
2.269230769230769
2.8461538461538463
2.5
2.4615384615384617
3.269230769230769
3.3076923076923075
2.923076923076923
3.423076923076923
3.0384615384615383
2.6538461538461537
1.5384615384615385
3.076923076923077
2.1923076923076925
2.423076923076923
2.576923076923077
2.769230769230769
2.6923076923076925
2.8076923076923075
2.5384615384615383
3.576923076923077
3.423076923076923
3.0
3.3846153846153846
3.1923076923076925
2.8846153846153846
3.1538461538461537
2.769230769230769
4.038461538461538
3.3461538461538463
3.6538461538461537
2.923076923076923
3.4615384615384617
4.038461538461538
3.5384615384615383
3.1923076923076925
3.769230769230769
4.0
3.5384615384615383
2.9615384615384617
3.3461538461538463
3.230769230769231
3.1923076923076925
3.4615384615384617
4.269230769230769
3.1153846153846154
1.8846153846153846
1.5
2.923076923076923
2.3076923076923075
3.3076923076923075
2.269230769230769
2.230769230769231
2.3076923076923075
2.0384615384615383
2.3846153846153846
2.5
3.269230769230769
2.6538461538461537
2.6153846153846154
3.3846153846153846
2.8846153846153846
3.423076923076923
3.076923076923077
3.230769230769231
3.730769230769231
3.6153846153846154
3.8846153846153846
3.576923076923077
3.3461538461538463
4.3076923076923075
2.923076923076923
3.423076923076923
2.769230769230769
3.076923076923077
3.1538461538461537
2.5
3.076923076923077
2.1538461538461537
3.4615384615384617
2.769230769230769
1.9615384615384615
3.269230769230769
2.9615384615384617
2.3076923076923075
3.1153846153846154
1.8846153846153846
2.769230769230769
2.8846153846153846
3.076923076923077
3.0384615384615383
3.3461538461538463
1.9230769230769231
2.076923076923077
2.230769230769231
2.5
2.8076923076923075
2.230769230769231
2.4615384615384617
3.0
2.6923076923076925
3.3846153846153846
4.269230769230769
3.1538461538461537
3.5384615384615383
3.0384615384615383
3.3076923076923075
2.730769230769231
2.923076923076923
3.0
3.6538461538461537
3.0
3.3846153846153846
3.8076923076923075
3.3846153846153846
2.730769230769231
2.6923076923076925
3.1923076923076925
2.1923076923076925
2.730769230769231
3.6538461538461537
3.769230769230769
3.0
3.3076923076923075
2.769230769230769
3.3076923076923075
1.6538461538461537
4.230769230769231
2.6538461538461537
3.730769230769231
2.1538461538461537
1.2692307692307692
2.8076923076923075
2.269230769230769
2.3461538461538463
2.269230769230769
2.1923076923076925
2.730769230769231
2.9615384615384617
2.8076923076923075
2.9615384615384617
2.6923076923076925
3.4615384615384617
3.0
3.0
3.1538461538461537
3.4615384615384617
3.576923076923077
3.3076923076923075
2.576923076923077
3.0
3.1153846153846154
3.5
2.730769230769231
3.1538461538461537
3.0384615384615383
2.9615384615384617
3.3076923076923075
3.5
3.730769230769231
4.153846153846154
2.1538461538461537
2.4615384615384617
2.9615384615384617
2.8461538461538463
3.269230769230769
3.076923076923077
2.8461538461538463
3.730769230769231
2.6153846153846154
3.923076923076923
2.3846153846153846
2.4615384615384617
2.0384615384615383
2.3076923076923075
2.3846153846153846
2.923076923076923
2.9615384615384617
2.6153846153846154
3.1153846153846154
2.9615384615384617
2.4615384615384617
3.3076923076923075
3.6538461538461537
3.576923076923077
3.8076923076923075
2.5384615384615383
3.423076923076923
3.8461538461538463
3.5
3.4615384615384617
2.4615384615384617
2.3846153846153846
2.769230769230769
3.5
2.5
3.0
2.3461538461538463
3.5384615384615383
3.0384615384615383
3.076923076923077
3.076923076923077
2.730769230769231
2.8076923076923075
2.423076923076923
2.730769230769231
2.8846153846153846
3.0
3.423076923076923
2.230769230769231
3.6153846153846154
3.730769230769231
1.8076923076923077
2.4615384615384617
2.4615384615384617
2.5
2.3076923076923075
2.423076923076923
2.9615384615384617
2.6538461538461537
2.8076923076923075
3.0384615384615383
2.8076923076923075
3.3076923076923075
3.0384615384615383
3.9615384615384617
3.5384615384615383
3.269230769230769
3.6538461538461537
3.923076923076923
3.576923076923077
2.9615384615384617
3.3846153846153846
2.4615384615384617
2.8846153846153846
2.6153846153846154
3.0384615384615383
2.730769230769231
3.8076923076923075
3.8846153846153846
2.3846153846153846
2.923076923076923
3.1153846153846154
3.1153846153846154
2.6538461538461537
3.8846153846153846
2.269230769230769
3.3461538461538463
3.6923076923076925
2.576923076923077
2.269230769230769
2.8076923076923075
2.4615384615384617
